1.00 16.9
2.00 13.0
3.00 15.4
4.00 16.8
5.00 16.5
6.00 17.7
7.00 18.4
8.00 17.5
9.00 15.2
10.00 17.6
11.00 18.2
12.00 19.3
13.00 17.0
14.00 16.5
15.00 18.8
16.00 18.4
17.00 17.1
18.00 18.4
19.00 15.1
20.00 15.3
21.00 17.8
22.00 14.5
23.00 11.0
24.00 13.4
25.00 16.6
26.00 16.7
27.00 14.7
28.00 15.9
29.00 16.2
30.00 16.5
31.00 14.2
32.00 13.4
33.00 15.4
34.00 14.4
35.00 10.5
36.00 12.3
37.00 16.0
38.00 15.3
39.00 14.5
40.00 16.3
41.00 12.2
42.00 13.4
43.00 12.6
44.00 12.4
45.00 11.8
46.00 12.0
47.00 13.1
48.00 12.4
49.00 11.0
50.00 13.4
51.00 10.6
52.00 10.9
53.00 11.9
54.00 13.1
55.00 13.2
56.00 13.1
57.00 12.1
58.00 14.8
59.00 12.6
60.00 13.6
61.00 10.8
62.00 11.1
63.00 12.6
64.00 13.2
65.00 13.9
66.00 13.0
67.00 13.7
68.00 12.5
69.00 13.5
70.00 12.7
71.00 13.1
72.00 9.19
73.00 9.74
74.00 12.4
75.00 12.4
76.00 13.6
77.00 14.5
78.00 14.8
79.00 14.3
80.00 12.4
81.00 11.2
82.00 15.2
83.00 15.2
84.00 13.8
85.00 13.7
86.00 14.1
87.00 14.6
88.00 14.0
89.00 15.1
90.00 15.5
91.00 15.8
92.00 13.6
93.00 15.3
94.00 14.6
95.00 13.1
96.00 15.4
97.00 13.9
98.00 13.8
99.00 14.9
100.00 14.8
101.00 14.4
102.00 13.6
