1.00 10164
2.00 13987
3.00 4498
4.00 6962
5.00 4671
6.00 4437
7.00 3720
8.00 7295
9.00 5512
10.00 7369
11.01 8580
12.00 10428
13.00 3152
14.00 7353
15.00 5311
16.00 4015
17.00 0.00
18.02 4435
19.00 3455
20.00 5978
21.00 7574
22.00 7107
23.03 3964
24.00 9944
25.00 3770
26.00 2671
27.00 4805
28.01 4865
29.00 1328
30.00 4062
31.00 5697
32.00 3949
33.00 917
34.00 3514
35.00 6368
36.00 4334
37.00 2854
38.00 3263
39.00 3969
40.00 6881
41.00 5090
42.00 3439
43.00 3112
44.00 12028
45.00 4702
46.00 10372
47.00 2683
48.00 5458
49.00 5421
50.01 4235
51.00 1565
52.00 4814
53.00 6351
54.00 7352
55.00 3056
56.00 4784
57.00 2868
58.01 3892
59.00 3455
60.00 4789
61.00 7135
62.00 4717
63.00 4271
64.04 3086
65.00 2694
66.00 2826
67.00 6615
68.00 2692
69.00 2607
70.00 2852
71.00 2946
72.00 4184
73.00 3280
74.00 3676
75.00 3421
76.00 8205
77.00 10214
78.00 6802
79.00 5510
80.00 5976
81.00 2944
82.00 1688
83.00 2834
84.00 3068
85.00 611
86.00 6634
87.00 1072
88.00 8261
89.00 6380
90.00 12103
91.00 3325
92.00 5914
93.00 2835
94.00 2666
95.00 9077
96.00 5370
97.00 5734
98.00 4151
99.00 5880
100.00 2636
101.00 3247
102.00 2004
103.00 4267
104.00 6760
105.00 1685
106.00 8358
107.00 4446
108.00 5298
109.00 5786
110.00 2988
111.00 6279
112.00 6099
113.00 3170
114.01 9679
115.00 5001
116.00 9866
117.00 6958
118.00 8253
119.00 3609
120.00 3840
121.00 3265
122.00 6463
123.00 5296
124.00 2777
125.00 7454
126.00 2597
