1.00 779
2.00 34.0
3.00 215
4.00 281
5.00 170
6.00 195
7.00 167
8.00 87.6
9.00 209
10.00 50.8
11.00 159
12.00 33.9
13.00 82.0
14.00 484
15.00 70.7
16.00 393
17.00 215
18.00 0.00
19.00 130
20.00 0.00
21.00 173
22.00 204
23.00 398
24.00 170
25.00 50.9
26.00 242
27.00 199
28.00 235
29.00 96.2
30.00 354
31.00 529
32.00 102
33.00 153
34.00 239
35.00 317
36.00 294
37.00 344
38.00 36.8
39.00 0.00
40.00 226
41.00 349
42.00 0.00
43.00 144
44.00 42.3
45.00 289
46.00 121
47.00 197
48.00 99.0
49.00 150
50.00 108
51.00 90.5
52.00 235
53.00 48.1
54.00 328
55.00 536
56.00 0.00
57.00 42.3
58.00 90.8
59.00 215
60.00 192
61.00 113
62.00 211
63.00 232
64.00 348
65.00 0.00
66.00 0.00
67.00 178
68.00 281
69.00 39.6
70.00 364
71.00 386
72.00 538
73.00 218
74.00 31.1
75.00 0.00
76.00 136
77.00 65.1
78.00 0.00
79.00 0.00
80.00 175
81.00 65.1
82.00 0.00
83.00 327
84.00 0.00
85.00 249
86.00 175
87.00 394
88.00 361
89.00 133
90.00 73.6
91.00 215
92.00 155
93.00 82.1
94.00 232
95.00 150
96.00 345
97.00 0.00
98.00 0.00
99.00 0.00
100.00 0.00
101.00 0.00
102.00 0.00
103.00 0.00
104.00 0.00
105.00 0.00
106.00 0.00
107.00 0.00
108.00 0.00
109.00 0.00
110.00 62.3
111.00 65.2
112.00 161
113.00 241
114.00 589
115.00 36.8
116.00 113
117.00 42.4
118.00 0.00
119.00 0.00
120.00 100
121.00 65.1
122.00 0.00
123.00 249
124.00 330
125.00 366
126.00 179
