6.46
10.5
7.31
10.0
17.5
45.0
109
198
196
196
126
185
164
86.2
140
127
117
136
174
213
200
205
140
198
213
109
189
214
178
198
176
150
165
230
154
123
270
232
133
136
207
201
165
304
294
299
300
300
167
255
246
236
308
255
195
161
170
237
170
336
255
236
266
410
179
284
375
425
288
104
242
211
267
231
146
316
276
392
200
144
196
210
58.8
36.2
58.7
132
272
98.8
43.7
16.3
8.71
66.5
281
200
225
140
135
169
95.0
3.75
125
248
6.24
28.8
62.5
131
203
290
79.0
50.0
60.0
141
147
2.50
51.2
188
35.0
28.8
222
102
16.3
46.3
208
173
162
252
