1.00 23086
2.00 19983
3.00 24777
4.00 16615
5.00 15531
6.00 5043
7.00 26976
8.00 29731
9.00 18944
10.00 14392
11.01 9080
12.00 37860
13.00 9232
14.00 14379
15.00 9857
16.00 31133
17.00 16767
18.00 17806
19.00 22412
20.00 33795
21.00 10201
22.00 11555
23.00 14493
24.00 9142
25.00 33403
26.00 10759
27.00 9391
28.00 12903
29.01 15650
30.00 15997
31.00 15402
32.00 15706
33.02 26748
34.00 14193
35.00 26899
36.00 22159
37.00 9118
38.01 25150
39.00 8198
40.00 4635
41.00 6995
42.00 13698
43.00 26432
44.00 17281
45.00 13014
46.00 9577
47.00 18830
48.03 21252
49.00 11251
50.00 10341
51.00 20164
52.00 10789
53.02 17790
54.00 13361
55.00 21786
56.01 3891
57.03 7377
58.01 23265
59.00 15228
60.00 11389
61.00 15579
62.00 17006
63.00 7926
64.00 14380
65.00 27443
66.00 15624
67.00 9431
68.00 19161
69.00 20883
70.00 14552
71.00 24715
72.00 24867
73.00 2851
74.00 10582
75.00 18836
76.00 14494
77.00 6337
78.00 8235
79.00 10529
80.00 7767
81.00 7067
82.01 14443
83.01 20720
84.00 22625
85.00 10870
86.00 19712
87.00 21442
88.00 9240
89.00 17197
90.00 27975
91.00 25762
92.00 27692
93.01 15098
94.00 25436
95.00 29649
96.00 29357
97.00 10445
98.00 10778
99.00 12719
100.00 11035
101.00 13027
102.00 15206
103.00 14148
104.00 19829
105.00 5976
106.00 18587
107.00 18233
108.00 5111
109.01 8864
110.00 19935
111.00 25161
112.00 19277
113.00 8093
114.00 6116
115.00 13967
116.00 15352
117.00 15463
118.00 11621
119.00 28644
120.01 8985
121.01 10256
122.01 31319
123.01 8061
124.00 21212
125.00 31404
126.00 12332
